CPU              https://ls12-sharelatex.cs.tu-dortmund.de/project/61b948f6f4625c008775f567

ELKAN:
Kegg
4:  0.0513417 0.0517882 0.0674984 0.0452133 0.0449756 0.0450538 0.0449937 0.0451661 0.0446866 0.0453297
16: 0.442125 0.40561 0.403993 0.404419 0.407817 0.406745 0.403758 0.406871 0.408577 0.40928
64: 0.910595 0.877047 0.911354 0.922232 0.890955 0.900732 0.889688 0.875121 0.883482 0.89463
256: 3.36522 3.34873 3.36363 3.36479 3.35733 3.36893 3.35671 3.37129 3.35934 3.35683

Gassensor
4: 0.0861483 0.0842285 0.087974 0.0860964 0.0863983 0.0820753 0.0876156 0.0912129 0.0855081 0.0829406
16:0.148328 0.147652 0.149029 0.149111 0.147463 0.148476 0.147633 0.153411 0.152725 0.151154
64:0.314846 0.329103 0.305948 0.339719 0.305745 0.2945 0.296885 0.316563 0.295704 0.301057
256:2.12496 2.11731 2.1167 2.12258 2.11672 2.1195 2.11935 2.11834 2.12302 2.11327

US Census
4: 11.5092 11.7641 11.6552 11.6379 11.6039 11.528 11.4819 11.6644 11.9332 11.5227
64: 76.2374 75.954 76.6369

FBElkan:
Kegg
4: 0.066109 0.0857673 0.0484138 0.0473136 0.0532121 0.0471454 0.0482795 0.0488124 0.0476465 0.047604
16: 0.479271 0.431419 0.43106 0.428704 0.437691 0.431099 0.433958 0.438304 0.448861 0.449879
64: 1.01396 0.977515 0.982074 0.977035 0.951923 0.971199 0.964777 0.98215 0.975049 0.975454
256: 4.15885 4.30186 4.17306 4.77549 4.00125 3.83858 3.83047 3.83212 3.83642 3.87751

Gassensor
4: 0.0863881 0.0834315 0.0834501 0.0901644 0.0894174 0.0833827 0.0836413 0.0831576 0.0833564 0.0841219
16: 0.161007 0.161087 0.160647 0.173472 0.167181 0.157907 0.156011 0.156397 0.155371 0.154558
64: 0.404257 0.391518 0.392277 0.397151 0.390627 0.389595 0.396974 0.393061 0.39169 0.391688
256: 3.85637 4.00606 3.95224 4.08691 3.87593 3.86749 3.88755 3.83803 3.83599 3.83584


US Census
4: 12.439 13.2038 12.1597 12.1051 12.3125 11.9283 11.9659 11.925 12.0864 12.584
64: 77.6583 77.6197 78.9189


MOElkan:
Kegg
4: 0.0893114 0.102816 0.0649075 0.0639914 0.0638272 0.062627 0.0664836 0.0639859 0.0624941 0.0653961
16: 0.702582 0.646806 0.697507 0.659042 0.648289 0.650318 0.648709 0.661057 0.676263 0.645031
64: 1.19466 1.15808 1.15877 1.15909 1.15765 1.16123 1.16063 1.15716 1.1613 1.15707
256: 3.24218 3.22542 3.22015 3.2762 3.2299 3.22446 3.22294 3.21632 3.21719 3.21804

Gassensor
4: 0.253065 0.246263 0.245451 0.247404 0.245601 0.244691 0.251195 0.274771 0.255961 0.275052
16: 0.578169 0.556408 0.555431 0.556492 0.5544 0.558848 0.559604 0.556105 0.555657 0.555985
64: 0.917199 0.910313 0.906168 0.944961 0.920038 0.911598 0.912162 0.920285 0.909507 0.907091
256: 4.40024 4.5526 4.45033 4.39269 4.37712 4.41695 4.35729 4.34665 4.42443 4.36384

US Census
4:  64.8974 65.9614 66.2682 65.7267 66.929 66.0625 66.1976 66.6128 69.6902 66.1395
64: 416.66 429.551 419.691

Hamerly:
Kegg
4:  0.0770537 0.103469 0.0752418 0.0732515 0.0752856 0.0755477 0.0733067 0.0772049 0.0734266 0.0738218
16: 1.6765 1.65699 1.64136 1.62074 1.61902 1.62702 1.61913 1.62423 1.62219 1.62589
64: 6.22874 6.72099 6.39717 6.17623 6.17763 6.17642 6.25397 6.22203 6.90499 7.42075
256:20.4284 20.3032 20.2841 20.2645 20.2756 20.3028 20.279 20.3162 20.2919 20.4475

Gassensor:
4: 0.187792 0.184467 0.184793 0.183774 0.184145 0.185736 0.183248 0.185013 0.183701 0.187924
16:0.991917 0.979678 0.981017 1.0068 1.00386 1.10018 1.04116 1.07201 1.03726 0.992457
64:4.55701 4.53875 4.53012 4.53816 4.52349 4.5294 4.53427 4.53397 4.55031 4.54104
256:23.5495 23.4958 23.6324 23.5232 23.5282 23.5229 23.5325 23.5533 23.5442 23.5034

US Census:
4: 17.5596 17.5097 17.5229 17.5156 17.4954 17.5117 17.5709 17.5647 17.5179 17.511
64: 377.174 378.663 378.441 380.582