GPU

ELKAN
Kegg:
4:  0.0174042, 0.0181012, 0.0178314, 0.0299002, 0.0166156, 0.0412155, 0.016097, 0.0167644, 0.0160839, 0.0169976
16: 0.0652753, 0.0813609, 0.0555223, 0.0582235, 0.0583208, 0.0583477, 0.0583842, 0.0552755, 0.0584001, 0.0555473
64: 0.227565, 0.218899, 0.217617, 0.219267, 0.218729, 0.217704, 0.219146, 0.217822, 0.218712, 0.218532
256:1.24274, 1.23702, 1.23733, 1.24083, 1.2369, 1.23635, 1.23869, 1.23672, 1.23892, 1.23593

Gassensor:
4:  0.0172095, 0.017963, 0.0177705, 0.0183635, 0.018549, 0.0189604, 0.0183866, 0.0179313, 0.0175237, 0.0174182
16: 0.033417, 0.0324323, 0.0348383, 0.0368823, 0.0336025, 0.0350997, 0.0354088, 0.0318762, 0.0307108, 0.0301748
64: 0.0648991, 0.0672042, 0.0663609, 0.066789, 0.0654539, 0.0681804, 0.068064, 0.0671941, 0.0653179, 0.0666676
256:0.24117, 0.234981, 0.229929, 0.231183, 0.230556, 0.250444, 0.230493, 0.231261, 0.230208, 0.231844

US Census:
4: 1.14321, 0.994531, 0.995047, 0.986809, 0.990465, 0.987143, 1.016, 1.00954, 1.01202, 0.986795
64:11.3325, 11.0493, 11.1415, 11.077, 10.997, 11.2255, 11.0468, 11.0202, 11.3242, 11.0813

FBELKAN
Kegg:
4:  0.0190722, 0.0175848, 0.0177829, 0.039464, 0.0227338, 0.0652104, 0.0193773, 0.0189006, 0.0190689, 0.0190626
16: 0.0854117, 0.0767826, 0.064946, 0.0654288, 0.0657381, 0.0660726, 0.0627598, 0.0641972, 0.0699542, 0.0604021
64: 0.252615, 0.240797, 0.250277, 0.236999, 0.237821, 0.236997, 0.236899, 0.237172, 0.238196, 0.237907
256:1.29806, 1.299, 1.29216, 1.29075, 1.3268, 1.33839, 1.2976, 1.29059, 1.2948, 1.29193

Gassensor:
4:  0.0375529, 0.0196563, 0.0195044, 0.0192214, 0.0220113, 0.0213106, 0.0226158, 0.021936, 0.0213189, 0.0206185
16: 0.0412624, 0.0377953, 0.0377632, 0.0358535, 0.0379726, 0.0391142, 0.0347975, 0.0336842, 0.0366501, 0.0383102
64: 0.0891264, 0.072593, 0.0732537, 0.0721205, 0.0747657, 0.0738614, 0.0736855, 0.0763549, 0.0736891, 0.0704954
256:0.280964, 0.265493, 0.263889, 0.261998, 0.261479, 0.2612, 0.277142, 0.268851, 0.264355, 0.26909

US Census:
4: 1.09806, 1.01988, 1.01927, 1.0304, 1.02305, 1.02101, 1.03531, 1.08318, 1.04417, 1.0255
64: 11.8085, 11.8585, 11.9553, 11.8769, 12.1283, 12.0462, 12.0213, 12.016, 12.0659, 12.0184

MOELKAN
Kegg:
4:  0.0207723, 0.0201165, 0.0179907, 0.0175863, 0.0196121, 0.0217909, 0.0201611, 0.0169641, 0.0161807, 0.017957
16: 0.746048, 0.07618, 0.0755106, 0.0711765, 0.0775323, 0.0753259, 0.0741053, 0.071361, 0.0711315, 0.0700081
64: 0.177243, 0.150113, 0.150039, 0.139534, 0.14003, 0.140246, 0.140409, 0.136341, 0.139532, 0.140395
256: 0.327917, 0.285877, 0.284762, 0.28116, 0.286158, 0.285306, 0.283477, 0.285223, 0.283733, 0.284292

Gassensor:
4: 0.0263409, 0.0252352, 0.0260942, 0.0248967, 0.0259447, 0.0268478, 0.027184, 0.0235372, 0.0259174, 0.0239901
16: 0.0568818, 0.0538357, 0.050673, 0.0501833, 0.0545308, 0.0481447, 0.0515203, 0.0519409, 0.0531343, 0.0507879
64: 0.095064, 0.102152, 0.105638, 0.0990843, 0.10777, 0.0921685, 0.0932268, 0.0929911, 0.0923196, 0.0981455
256: 0.250941, 0.250382, 0.252513, 0.251409, 0.256385, 0.291009, 0.25036, 0.251079, 0.251434, 0.251585

US Census:
4: 3.42069, 3.32553, 3.32807, 3.31821, 3.33061, 3.3311, 3.32876, 3.32284, 3.47493, 3.39514
64: 24.4823, 24.3563, 24.4967, 24.4219, 24.582, 24.4361, 24.5629, 24.4379, 24.5198, 24.4425 

HAMERLY:
Kegg:
4: 0.0217541, 0.0217902, 0.0214176, 0.0223987, 0.0223736, 0.02345, 0.0237656, 0.024238, 0.0268046, 0.0258804
16: 0.127551, 0.122853, 0.106586, 0.11073, 0.113214, 0.110575, 0.109889, 0.112254, 0.108532, 0.106891
64: 0.371782, 0.35495, 0.352521, 0.35449, 0.354631, 0.3544, 0.354444, 0.355646, 0.353481, 0.354355
256: 1.36212, 1.36173, 1.36269, 1.36483, 1.36315, 1.36448, 1.36381, 1.36213, 1.363, 1.36329

Gassensor:
4: 0.0216951, 0.0252652, 0.0207218, 0.0197121, 0.0208826, 0.0231927, 0.0222771, 0.0224727, 0.023051, 0.0229834
16: 0.0654746, 0.0661021, 0.0659592, 0.0641751, 0.0633669, 0.0625381, 0.0632684, 0.0640122, 0.0640348, 0.0642295
64: 0.242001, 0.246127, 0.241002, 0.265342, 0.233901, 0.246791, 0.242653, 0.247094, 0.244789, 0.24571
256: 1.35836, 1.36286, 1.35917, 1.3539, 1.35642, 1.3573, 1.35492, 1.3549, 1.35615, 1.35721

US Census:
4: 1.27844, 1.18435, 1.20011, 1.18859, 1.19115, 1.1967, 1.18063, 1.19644, 1.19036, 1.19016
64: 31.9579, 31.9434, 31.9016, 31.9436, 31.8348, 31.9424, 32.0105, 31.9604, 31.9065, 31.9833

---------------------------------------------------------------------------------------------------------------------------------

KFUNCTIONS
ELKAN
Kegg:
4: 0.0250792, 0.0244118, 0.0254103, 0.0251836, 0.024708, 0.0248691, 0.0272333, 0.0270973, 0.025451, 0.0241406
16: 0.172868, 0.166886, 0.154082, 0.153407, 0.15535, 0.158514, 0.155391, 0.155398, 0.156638, 0.155847
64: 0.478667, 0.461442, 0.459329, 0.459083, 0.460042, 0.460669, 0.459653, 0.461523, 0.459932, 0.459697
256: 2.46152, 2.44795, 2.44974, 2.45429, 2.45188, 2.44827, 2.45421, 2.44711, 2.45782, 2.45926

Gassensor:
4: 0.0416424, 0.0324958, 0.0323899, 0.0318063, 0.0323712, 0.0340667, 0.0325072, 0.0328739, 0.0353323, 0.0342518
16: 0.0633104, 0.0648491, 0.0647442, 0.0605813, 0.061564, 0.0553283, 0.0574343, 0.057011, 0.0567542, 0.0570199
64: 0.162051, 0.149531, 0.147624, 0.14824, 0.146049, 0.147119, 0.145749, 0.146848, 0.146268, 0.147298
256: 0.571183, 0.567732, 0.567014, 0.56703, 0.569059, 0.568596, 0.570896, 0.570116, 0.568861, 0.570395

US Census:
4: 2.78227, 2.62168, 2.62428, 2.62127, 2.63176, 2.63167, 2.63036, 2.62913, 2.62303, 2.63121
64: 33.3322, 33.4001, 33.2373, 33.2799, 33.2746, 33.2244, 33.2616

FBELKAN
Kegg:
4: 0.0208135, 0.0224807, 0.0212479, 0.0205811, 0.0202989, 0.0224167, 0.0209809, 0.019787, 0.021378, 0.0231747
16: 0.14464, 0.136214, 0.119543, 0.123432, 0.123166, 0.123856, 0.124874, 0.124461, 0.124156, 0.123865
64: 0.431429, 0.409112, 0.407048, 0.407239, 0.410605, 0.409832, 0.408472, 0.409647, 0.409477, 0.40983
256: 2.4463, 2.43962, 2.43996, 2.43887, 2.44535, 2.43621, 2.43861, 2.44793, 2.46866, 2.45144

Gassensor:
4: 0.0512073, 0.0256339, 0.0232915, 0.0229583, 0.0249173, 0.0261903, 0.0265409, 0.0244492, 0.0257538, 0.0241894
16: 0.0534265, 0.0536206, 0.0549743, 0.0506555, 0.052992, 0.0506405, 0.0474716, 0.0493298, 0.0486529, 0.048401
64: 0.13215, 0.125594, 0.12564, 0.117781, 0.118981, 0.119443, 0.118296, 0.119425, 0.118373, 0.120478
256: 0.535666, 0.522598, 0.525074, 0.523315, 0.527798, 0.52725, 0.526601, 0.523716, 0.527702, 0.527539

US Census:
4: 1.61026, 1.53318, 1.53991, 1.53876, 1.55368, 1.53827, 1.54561, 1.54142, 1.54266, 1.53714
64:25.7145, 25.6949, 25.5795, 25.8004, 25.696, 25.6813, 25.7274, 25.7764, 25.7037, 25.6929

MOELKAN
Kegg:
4: 0.0210595, 0.0241606, 0.0208822, 0.0666129, 0.0213606, 0.0201733, 0.0215405, 0.0218044, 0.0222482, 0.0192296
16: 0.085995, 0.0936681, 0.0909391, 0.087018, 0.0856929, 0.0878037, 0.0878736, 0.0841003, 0.0859443, 0.0879341
64: 0.262755, 0.230483, 0.236514, 0.230465, 0.228414, 0.226293, 0.228852, 0.228808, 0.267575, 0.23836
256: 1.06559, 1.04893, 1.05382, 1.05248, 1.05554, 1.04655, 1.04726, 1.03847, 1.04652, 1.04708

Gassensor:
4: 0.0406444, 0.0225226, 0.0228193, 0.0240375, 0.0276086, 0.0261528, 0.0235052, 0.0234693, 0.025579, 0.0232106
16: 0.0559729, 0.0485055, 0.0491717, 0.0468735, 0.0446408, 0.0444635, 0.0445409, 0.0442836, 0.0443293, 0.0424784
64: 0.123674, 0.109547, 0.103863, 0.103565, 0.103566, 0.11188, 0.104797, 0.110136, 0.146313, 0.1092
256: 0.34755, 0.312554, 0.315292, 0.327016, 0.327322, 0.316488, 0.310677, 0.313724, 0.316307, 0.31512

US CENSUS:
4: 1.68716, 1.62914, 1.58147, 1.60249, 1.60913, 1.62599, 1.61431, 1.61564, 1.61743, 1.60713
64: 19.2475, 19.4809, 19.0537, 18.9548, 19.4168, 18.9596, 19.1283, 19.016, 19.3632, 18.966

HAMERLY:
Kegg:
4: 0.0187352, 0.0186113, 0.217751, 0.0205656, 0.254618, 0.217511, 0.019356, 0.0197218, 0.0257127, 0.0191647
16: 0.0929405, 0.0929405, 0.0773252, 0.0818948, 0.0812545, 0.0866228, 0.0820221, 0.0823109, 0.0854854, 0.10683
64: 0.263005, 0.244787, 0.235484, 0.228674, 0.268456, 0.244131, 0.239507, 0.27826, 0.228712, 0.23348
256: 0.850817, 0.805219, 0.81395, 0.807524, 0.825447, 0.807684, 0.819968, 0.804486, 0.818131, 0.802172

Gassensor:
4: 0.0158706, 0.0357924, 0.0228309, 0.0178095, 0.0178942, 0.0314732, 0.100121, 0.0162698, 0.0191769, 0.0439129
16: 0.033506, 0.0343563, 0.0426174, 0.0326246, 0.0342274, 0.0335677, 0.0325721, 0.0504367, 0.033996, 0.0629794
64: 0.118783, 0.118087, 0.114753, 0.121145, 0.106203, 0.114165, 0.0992113, 0.117042, 0.124467, 0.108798
256: 0.511152, 0.479265, 0.489678, 0.470598, 0.478138, 0.469916, 0.498972, 0.478741, 0.488357, 0.470595

US Census:
4: 0.784493, 0.658326, 0.645171, 0.65569, 0.653024, 0.642829, 0.648849, 0.650009, 0.642441, 0.652404
64: 10.0995, 10.0312, 10.0904, 10.0366, 10.1388, 10.0304, 10.096, 10.0977, 10.1117, 10.1456

------------------------------------------------------------------------------------------------------------------------------------

SHARED

ELKAN:
Kegg:
4: 0.0183814, 0.0200934, 0.0188337, 0.0183776, 0.0182198, 0.0194943, 0.018223, 0.0212521, 0.030697, 0.0196272
16: 0.0831306, 0.102069, 0.0681697, 0.0719775, 0.0691638, 0.0716268, 0.0660184, 0.0656191, 0.0688037, 0.0689133
64: 0.233896, 0.219741, 0.218599, 0.216849, 0.218451, 0.218572, 0.222333, 0.22009, 0.22128, 0.22105
256: 1.23719, 1.23535, 1.23448, 1.23567, 1.23312, 1.23591, 1.23302, 1.23516, 1.23503, 1.23601

Gassensor:
4: 0.0203404, 0.0196696, 0.0199238, 0.0199342, 0.0199721, 0.0222298, 0.0218106, 0.0227559, 0.0209628, 0.0195018
16: 0.0307301, 0.0288793, 0.0296951, 0.0316033, 0.0310881, 0.0300946, 0.0329787, 0.0324869, 0.0309467, 0.0317521
64: 0.0628762, 0.0654437, 0.0655792, 0.0633488, 0.0633367, 0.0641374, 0.0654673, 0.0649927, 0.0623097, 0.0624681
256: 0.236234, 0.229331, 0.228602, 0.230468, 0.229177, 0.227995, 0.235132, 0.231128, 0.229794, 0.230029

US Census:
4: 2.14372, 2.0072, 2.00009, 2.00365, 2.00891, 2.00795, 2.01504, 2.0067, 2.00381, 1.99911
64: 12.792, 12.7784, 12.8017, 12.6691, 12.8115, 12.7314, 12.674, 12.6237, 12.694, 12.676

FB ELKAN:
Kegg:
4: 0.0183022, 0.0176724, 0.0185631, 0.0183834, 0.0202635, 0.0211406, 0.0231064, 0.0186571, 0.0201868, 0.020066
16: 0.11026, 0.0847135, 0.0689096, 0.0717272, 0.0713713, 0.0682255, 0.0675062, 0.066288, 0.0660992, 0.0670712
64: 0.263481, 0.240615, 0.239326, 0.239126, 0.241175, 0.240559, 0.240227, 0.239331, 0.238181, 0.238281
256: 1.32088, 1.30861, 1.30731, 1.30777, 1.31102, 1.31378, 1.31437, 1.31085, 1.30856, 1.30948

Gassensor:
4: 0.0247827, 0.0200609, 0.0199406, 0.021237, 0.0200878, 0.0204833, 0.0214805, 0.021522, 0.0204946, 0.0214708
16: 0.0429576, 0.0379324, 0.0403212, 0.0380429, 0.0364067, 0.0394997, 0.0345902, 0.0354985, 0.0363247, 0.0358863
64: 0.0769499, 0.0642108, 0.0635783, 0.0658489, 0.067202, 0.0686383, 0.0654198, 0.06753, 0.0652571, 0.0663582
256: 0.281589, 0.27251, 0.272132, 0.2697, 0.270362, 0.27088, 0.272105, 0.270834, 0.271247, 0.271343

US Census:
4: 1.09785, 1.00994, 1.01579, 1.00857, 1.02093, 1.00133, 1.01937, 1.00496, 0.998898, 0.999033
64: 12.1112, 12.1346, 12.2631, 12.164, 12.1516, 12.324, 12.2286, 12.098, 12.0989, 12.1204

MOELKAN:
Kegg:
4: 